10,105
10,205
10,191
10,259
10,233
10,147
10,161
9,2
9,3
8,6
8,16
8,4
8,15
20,3
19,2
19,1
19,3
18,1
18,3
14,1
14,3
13,1
13,3
2,2
2,1
2,3
29,3
29,2
29,1
29,0
20,2
20,1
12,3
12,2
12,1
11,30
11,29
11,28
11,27
11,25
11,24
11,23
11,22
11,21
11,20
11,19
11,18
11,17
11,16
11,15
11,14
11,13
11,12
11,11
11,10
11,9
11,8
11,7
11,6
11,5
11,4
11,3
11,2
11,1
10,312
10,311
10,310
10,309
10,307
10,304
10,298
10,297
10,293
10,288
10,286
10,284
10,281
10,279
10,278
10,270
10,265
10,260
10,254
10,252
10,242
10,226
10,225
10,212
10,210
10,209
10,208
10,203
10,198
10,197
10,195
